% ****   Sistema teste de 3 BARRAS MONTICELLI   ****                             

% ------------------------------ DADOS DE BARRA -----------------------------------

%  No TB G (V)     (Ang)     (Pg)    (Qg)   (Qn)  (Qm)      (Pl)    (Ql)
 DBAR = [                                                                           
   1 3 1 1.0         .0       150.0   .0  -999.9  9999.9     0.0    0.0  0  0        
   2 1 1 1.0         .0       .0      .0  -999.9  9999.9     50.0   1.6  0  0    
   3 1 1 1.0         .0       .0      .0  -999.9  9999.9     100.0  1.5  0  0                
];
% TB = 1: carga ; 3: referencia

PB = 100;


% ------------------------------ DADOS DE LINHA -----------------------------------

 DLIN = [
 %FROM  TO    %R(pu)   %X(pu)     %Bsh(pu)    %Tap    %Def(graus)                              CH
   1    2    0.10000  1.00000     0.0000      1.000     .000     .000    .0     900     .0     7
   1    3    0.20000  2.00000     0.0000      1.150     .000     .000    .0     900     .0     7
   2    3    0.10000  1.00000     0.0000      1.000     .000     .000    .0     900     .0     7
 ];