% ****   Sistema teste Monticelli   ****   

% ------------------------------ DADOS DE BARRA -----------------------------------
                          
%  No TB G (V)     (Ang)     (Pg)    (Qg)   (Qn)  (Qm)      (Pl)    (Ql)    bshbar 
 DBAR = [
   1 3 1 1.0         .0       .0      .0  -999.9  9999.9     0.0    0.0      0.0
   2 1 1 1.0         .0       .0      .0  -999.9  9999.9     0.05   0.02     0.0
   3 1 1 1.0         .0       .0      .0  -999.9  9999.9     0.08   0.05     0.0
   4 2 1 0.98        .0       .0      .0  -999.9  9999.9     0.15   0.00     0.0	];

% Tipos de barra: 1 - carga (PQ), 2 - geracao (PV), 3 - referencia (V-theta)

% ------------------------------ DADOS DE LINHA -----------------------------------

 DLIN = [
 %FROM  TO   %R(pu)  %X(pu)   %Bsh      %TAP     %PHI                                   CH
   1    2    0.100   1.00      0.01     1.00     .000     .000    .0     900     .0     7
   1    3    0.200   2.00      0.02     1.00     .000     .000    .0     900     .0     0
   2    3    0.100   1.00      0.01     1.00     .000     .000    .0     900     .0     7
   3    4    0.100   1.00      0.01     1.00     .000     .000    .0     900     .0     7	];

PB = 1;
 
 
 